12
6
4  1  2  5  3  2

     100
     200
      26      41      12       8       2       8      25      38      25      24
      21      12      39       4      41      32      37      21      38      44
      22      20       6      14      19      44      22      38      44      25
      32      23       9      32      39       7      27      23       8      45
      24      26      31      42      25      20      42      34      41      19
      38      10      36       5      18      33       4      40      42      19
      30       9      31      45      32      10      21      21      42      21
      39      43       4      21      34      38      19      32      36      24
      27      15      26       2      11      21      12      45      25      39
      18      41      18      35      14      26      45      39       9      44
       7      27       8      44      45      34      28      20      29      31
      17      42      36      15      16      10      40      36      45      40
      45      12      42      17      23      43      21      27      24      27
       5      39       6      11      25      27      43       5      16      14
      14       9      21      36      14       7       6       3      10      14
      25      22      22       6      41      16      27      15      40      12
      36       3      18      42       2      35      21      32      30      24
      37      14      13      16      16      23      45      10       4      15
      30      34      16      24       4      37       9       9      17      26
       9       1      16       9       9      27      24      44      40       9

    1000
    2000
     600      28     580       6     165      33     462     586      45      25
      13     354     335     146     400     275      42     479     236     432
     477     392     362     471      45     526     537     520      29     433
      48     387      44     208      38     231     180     229     171     352
     489      82      54      26     362      50     125     499     439     443
     540     119     547     595     519     349     321       5      80     223
     196     164     325     310      89     193     593     156     260     575
     103     291     317     367      47      25     526     481     300      78
     353     420     285     170     586      63     275     339     432     119
     144     134     597     231     202     429     111     377     286     260
     444      60     174     150     495     273      93     540     121     212
     472     445     301      34     470     353     238     343     499     431
      19      54     339     586      81     141     129     176     416     467
     519     192     194     300     530     422      48     330     294     454
      90     334      14     260     243     522      19     457     522     203
     304     331       9      33     273     457     264     136      21     112
     467     259      15      17     466     454     569      87     200     197
     346     375     212     245     505     489     384     271     370      12
      58     158      61     596     508     222     311     577     108     187
      21     180     477     511     489       9     395     184     346     217
     400      23       9     453      39     475     386     299      13     404
     144     504     353     179     276     131     276     123     483     271
     295     307     273     272     278     261     181      23     404     558
     197     261      67     580     574      40     498     349     241     213
     529     165     595     220     213     104      62     207     443     400
     237     228     282     381     358     238     145     161     240     595
     141     329     261     378     211      55     130     523      80     394
     524     305     261     431     467     261     395     547     534      32
     261      22     367      17     395      37      32     536      18     386
     344     154     536     479      59     306     523     245     376      16
      47     347     532      85     549     233     589     162      62     347
     503     174     248     467     574     289     120     165     522     437
     303     394     315     259     574     107     529     212     546     182
     257     598     103     329     179     450     400     335     598     443
     464     370     152     581     387     199     534      69     280      98
     194     168     115     387     462     140     534     366     549     350
     513     471     314     481     398     362     348     114     156     523
     489     212     522     422      57     447     425     574      19      26
     300     512     141     180     158     337     146     146     440     209
     269     280     541     285     460     391     565      42     392      60
     496     578      58      65      31     390     297     102     147     573
     451     255     479     468     186     183     324      11     483     304
     274      42      38      24     335     293     145      13     409     285
     450     513     563     572     111     536     429     368     555      84
     431     399     576     403     322      22     123     344     405      31
     178     580     543     422     265     387     346     419     246     539
     130      95     547     464     352       9     295      20     487     376
     569     174     512      40     312     343     213     245      31     569
     145     376     576      43     230     116     189      47     243     418
     253     497     579     442      62     584     535     309     532     513
     254      50      14     596     452       1      71     442     445     204
     486      54     237     360     403     181     319     581     414     515
     134       3     453     482      17     339     253     177     312     380
      97     570     265      37     101     440     208     381      71      78
     238     142     115     508     130      14     183     217     349     240
     269     577     574     268     485     115      82     210     446     203
     416     518     337     559      17     593      85     526     402     258
     140     513     460     135     148     122       2     222     457     433
     123     373     415     582     106     277     407     275      86     488
     442     215     589     563     445     244     315     252      16     391
     500     595     203     202     273      99     542     141      23     303
     500     566     347     223     348     326     135     465     331     223
     482      48     328      34       1     197     247     233     546     331
      63     400     209     201     115     484     247     430     381     157
     273     465     369     421     508     343     513     124     259      55
      64      53     250      74     193     249     418     556     467      95
     503     530     237     116     375     473     178     388     280     296
     147     297     201     280     247     286     496      96     293     463
     156     399     342      75     407     300     148     166     504     516
     518     502     281      50     397     217     438     473     110     357
     518     270      67     379     152     293     538     212     475     316
     546      84     255     359     300      23     564     100     225     433
     526     219     262     487     419     217     388     270     393     547
     259     396     384     362     425      36     419     157     285     140
     238      98     469     590     147     133      49      86     584     418
     140     430      61     582     458      80      66     202     383     206
     255     526     307     329     213     249      99     489     488     310
     561     411      18     550       6     168     195      93     249     550
     228      95     347     448     267     269     493      79     555     155
      72     387     345     520     188     367      94     249      12     224
     540     325     457     225     313     172     462     301      88     426
     315      56      70     190      82     151       6      16     566     224
     427      39     223     600     236     542     459     240     276      59
     435     190     291     377     255     533     586     255     421      70
     151     247      32     443     593     366      74     154     252     103
     306     290     575      27     459     433     581     308      68     492
     290     475     103     272     287     505     566     199     186     384
     366     396     506     205     110     151     178     144     406     567
     460     377     454     156     286     282       7      49     591      18
     521     420     206     595      27     195     494     205     567     262
     249     570     500     524     328     592     209     504     325     135
       5     406     546      19     124     248     186     502     532     115
     100     566     593     208     171     294     138     517      74     105
     390     467     173     460     579     231      79     153     389     212
     281     215      50     446      40     470      71      28     413     181
     278     478     420       8     131      61     395     129      22      33
     249      24     524     492     470     472      32      33     494      72
     265     217     120     472     426     545     307      37     598     339
      34      61     312      21     103     481     551     313     140     409
     263     576      24     276     458     322      57      48     268     339
     275     244     597      30     205       3     569      47     349     380
      39     221     455     209      48     412     423     236     350     463
     124     308     461     326     560     516     348     485     139     473
     600     143     538     555     127     433     300     388      89     459
     446     573     222     542      78     109     516      89     201     215
     190     489     409     146     391     575     468      29     521     239
     467      75      38     262     192     485     258      52     530     349
     466     198     339     564     313     253     474      76     189     359
     103     313      78      55     371      52     329     107     599      22
     483     246      61     353     281     257     143     134     459     402
     496      90      40      89     197     302     200     426      85     148
     369     213      76      48     516      67     229     495     527      28
     152      30     221     289     223      68     375     538     402     160
     177     337     501     534      26     391     287     171     343     280
     482     302     444       2     103     545     331     219     449     152
     545     549     263     315      43     106     378     242     287     575
      22     337     230     381      45     343     281     547     263     102
     408      44     483     400     341     152     313     401     251      74
     112      34     205      28     163     116     177     332     134     173
     141     101     383     110     218     274      61     217     354     462
     462      31     179      25     588     221      85     108     448     355
     389      39     172     163      13     501     374     478     194     375
      20     582     130     419     309     221     150     540     284     597
     476     438      90     280      52     187      22     256      15      94
      13     243       4     253     431     487     325      36       6     195
     561     579     440     377     560     121      80     423     443      23
     495     499     300     401     347     425     435     342     266     572
     160     223     111     350     153      55      60     349     111     313
     286     354      95     277     432      46     222     229     571     581
      94     376     226     385     211     474     578     515     159       2
     515     376      91     513     560     388     508     261     156     577
      90     501     109     327      72     161      20     190     165     340
     453     281     362     280      93      28     246     270     353     565
     314     596     206     272      28     136      86     368     523     164
     419     501     198     380     232     174     196     497     169     434
     390     476     143     127     354      16     593      47     358      74
     421     501     430     475     466     312     394     515     495     298
     182     584      81     206     331     355     288     524     434     573
     534     333     446     352     281     324     425     446     226     511
     379     474     448      22     395     310      46      79     305     521
     443      23      24     434     284     379     347     389     350     511
      94     292     238      93     416     235     195     504     441     332
     202     535     267     322     497     164     529     288     424     497
     125     358       3     460     142     145      17     338     589      98
     286     452     206     446     555     211     401     247      18     365
     106     364     220     221     179      22     361     271     305      80
     427     246     244     122     415     576     229     537     365     539
     344     443     101     235     200     325      62     558     559     211
     132     599     199     558     301     570     308      54     171     336
     174     303     347     566     514     477     400     396     527     205
     123      79      69     154      62     320     429     536     150     357
      43     453      10     422     362      53     556     394     405      25
     532     396     461      80     289     433     295      13     204     150
     205       5      61      13     297     275     375     499     167     535
     441     454     296     130     248     371     489     415       2     117
     242     508     194     246     404      29     144     367     445      44
      28      19     275     362     140     498     142     471     198     150
     191     347     362      56     579     133     256     268     298     265
     141     251     141     232     427     553      23     507     292     172
     190      40     366     381      43     521     570     441      23     101
     127     514     577     307     539     144     574       8     422     238
     199     343     123     584     132     210      17     355     409     149
     280     448      59     253     576     313     480      96      26     324
     571     397     209     304     308     569      89      41     582      96
     432     130     370     359     279       4     559     545     390     116
     188     397     338     567     171     423     537     266     352      37
      95     213      86     111      35     247      25     507     189     403
     528     592     406     433     563     448     547     559      55     453
     422      19      26     507      51     161     136     394      21      94
     187     245      65     110     538     345     105       4     233     540
     297     578     125     371      95     183     243     258     302     335
     424     381     335     242     264     130     334     154      20     534
     396     264     266     353     382     269     374     307     325     200
     314     365     444     559     374     146     507     441      98     361
     255     405     265     338     299      75     112     218     106     417
      88     234      94     215     335     529     293     378     420      66
     107     173     157     532     197      78     319     395     145     147
      47     404     327     551     440     304     555     429      73     122
      22     155     364     574     316     556     369     444     150      96
     207     351      42     235     590     519      48      52     202     332
     346     538     538       2      23      24     111      15     499     412
      81     121      72      41     236     175     290     317     576      58
     584     491     295     244      38     303     133      15     469      40
     283     476     390     556       6       5     384     156     405     531
     348      56     108     218      48     224     365     424     374     266
     595     119     244      73     287     358     347     115     550     490
     428     577     516     320     350     106     306     251      99     306
     185      75     338      57     543     302     413     341     444     284
     439     217      28     557     364     527     324     132     245     432
     256     545     285     316     281     270      29     281      21     108
     117     512     315     286     289     415     405     232     357     152
     541     250     121     353     566      23     303      92       3      53
     228     384     424     290     332      59     410     438      40     183
     168     151     306     317      27     474     502     165      30     558
     341     445      71     212     205     383     567     593     284     520
      40     366     374      41     190     522     592      45     349      10
     525     478     287     345     114     525     586     336     237      84
      62     229     575      87     565     318     236     566     155     244
     208      85     195     332     525     422     173     405     381     230
     209     206     281     482      20     443     303     244      33     284
